0.77669508752520122208
0.61658215509339997507
0.90871139673746947896
0.51255969772413845220
0.65989809345913541527
0.95479196458295634287
0.64239029239741340938
0.60494344668067667747
0.69281098192916190648
0.66746049610597779633
0.92819174093217871047
0.91343921341768741229
0.79105653083968352490
0.81009654424394106353
0.79391631510938331928
0.72041793648716090370
0.73616404581811956120
0.65949618303373291894
0.94648698130175934473
0.66641928837455177703
0.77441990267011473481
0.57597448772898540703
0.92864582364133929637
0.91598869066211430212
0.64899640671419933646
0.82472966890308696541
0.77950417554817141852
0.82624025827342351125
0.93155896478967503693
0.54251575530077711385
0.99713503446217299775
0.86611332645880645398
0.86950987917465083488
0.79377460530212895495
0.51967185215587208269
0.72030652465234812354
0.62462299164853951616
0.69636252611416893377
0.63391819064119092619
0.59673914354738188948
0.76810911975280138364
0.54488194755994745488
0.84259102085517145753
0.66618331386819795714
0.84321619436380623736
0.86565420119347225025
0.53991237846092521302
0.92940752566120021783
0.68551174652237978346
0.78959500006886940149
0.93282216434863918231
0.99834059366042837702
0.80646779583284533555
0.82225261383407266536
0.56127202781378249252
0.63826199722986776131
0.89472164174059387598
0.86491599645700056875
0.66217882478621659104
0.52130360517237839257
0.82773573121115839868
0.94584586847173079960
0.73741545677426623140
0.79588209704677315148
0.51713754629191510670
0.68881798786517756117
0.81017392020147405152
0.90929386850776494633
0.82794611161776221486
0.97648730203337852362
0.68721757803824512489
0.78536968916989635670
0.55978964460844815587
0.59456472297190166021
0.66007761454119195932
0.89007398597078646318
0.75963627547031475906
0.67970810564211625593
0.87393467532157997901
0.98426590070441644098
0.79199061496416678363
0.52407171891268677921
